"file.id"	"mean.entropy"	"mean.productivity"	"mean.Simpsons.D"	"mean.Yules.K"	"mean.Sichels.S"	"mean.Honores.H"	"p.range"	"p.entropy"	"p.std"	"i.abs.range"	"i.abs.mean"	"i.abs.std"	"i.mode"	"i.entropy"	"d.range"	"d.median"	"d.mode"	"d.entropy"	"d.eq.trans"	"d.half.trans"	"d.dotted.trans"	"len"	"glob.duration"	"note.dens"	"tonalness"	"tonal.clarity"	"tonal.spike"	"int.cont.grad.mean"	"int.cont.grad.std"	"int.cont.dir.change"	"step.cont.glob.var"	"step.cont.glob.dir"	"step.cont.loc.var"	"mode"	"h.contour"	"int.cont.glob.dir"	"int.contour.class"
"Berkowitz1"	0.848214548536568	0.67015873015873	0.0353314659197012	312.310405643739	0.083982683982684	188.536144511552	7	0.48370402971128	2.08470969028151	2	1.73913043478261	0.540823555863717	5	0.413134176129147	1.5	4	2	0.31824642334539	0.608695652173913	0.304347826086957	0	24	22	1.09090909090909	0.67585994049966	1.24945966113724	0.171086411618264	0.636363636363636	0.71606377954584	1	2.21147575161927	-0.0541623564140207	0.634920634920635	"major"	"convex"	"-1"	"cccc"
"Berkowitz10"	0.815056160473596	0.595595238095238	0.023023395593055	153.463718820862	0.0907692307692308	201.601852610582	9	0.552626385857251	2.6935870610417	2	1.71428571428571	0.560611910581388	5	0.423588085053772	1	2	1	0.1813632170484	0.666666666666667	0.285714285714286	0	22	12	1.83333333333333	0.861491489916995	1.33328887894635	0.17727395753074	0.666666666666667	1.21110219452863	1	2.91874223962018	-0.258058416553205	0.631578947368421	"major"	"convex"	"-1"	"dccc"
"Berkowitz100"	0.778489748241462	0.425952380952381	0.0391671041899875	338.827947845805	0.253729603729604	235.612377064756	13	0.616935638312193	3.3176884199112	7	2.38709677419355	1.40658971404454	7	0.613961947593569	0.75	1	1	0.247206405928983	0.67741935483871	0.32258064516129	0	32	15	2.13333333333333	0.834131561195965	1.03818990849568	0.190812606659057	1.72533333333333	3.09621953218742	0.6	3.19122207078805	-0.323732802975474	1.25423728813559	"major"	"horiz-desc"	"-1"	"cccc"
"Berkowitz101"	0.849450266696924	0.483928571428571	0.0252216185627996	241.379676870748	0.214203296703297	288.144354054688	17	0.64532407245198	3.92776317386436	12	3.05660377358491	2.71332250443297	5	0.733921867943707	0.625	2	2	0.307290992889151	0.566037735849057	0.226415094339623	0.0943396226415094	54	14.25	3.78947368421053	0.969092726639756	1.50954646958741	0.216478113993341	8.86541471048513	13.4098155762893	0.764705882352941	3.93926242608162	-0.302504855359412	2.53125	"major"	"convex"	"-1"	"edca"
"Berkowitz102"	0.764392157091775	0.198961186134074	0.0266511780651139	247.524786939647	0.401707551707552	345.842321314667	15	0.603255565943979	3.96216845087475	8	2.27272727272727	2.33729267806517	6	0.688351971504438	0.375	2	2	0.244210188014182	0.818181818181818	0.136363636363636	0	67	15	4.46666666666667	0.862408613154373	1.45674046598562	0.200591987460338	8.47722007722008	9.26922790426527	0.857142857142857	3.89999203694043	0.0620838348090645	2.17391304347826	"minor"	"convex"	"1"	"aaba"
"Berkowitz103"	0.867939496120819	0.532181152181152	0.0308007124721121	294.553555372736	0.194141414141414	238.736723352482	14	0.596966416844062	3.79569603339053	6	2.57575757575758	1.47966007562343	4	0.674519189953353	0.75	2	2	0.317242177278255	0.484848484848485	0.303030303030303	0.0909090909090909	34	15.5	2.19354838709677	0.741730843990993	1.26430815166457	0.172117253337841	2.77583205325141	3.67340402069409	0.571428571428571	3.68185483110835	-0.0314657575671089	1.39344262295082	"minor"	"convex"	"1"	"eccc"
"Berkowitz104"	0.908284360186838	0.748205741626794	0.0230534670008354	208.523514228154	0.0733333333333333	189.512092104402	15	0.643249551167939	3.5557465226494	11	2.70833333333333	2.54488688852026	7	0.583685177833157	0.75	1	1	0.324786807289215	0.5	0.208333333333333	0.0416666666666667	25	11	2.27272727272727	0.661789080871624	1.00819153770332	0.163179778914284	2.81818181818182	5.81345156266468	0.5	3.61730693427313	-0.342694698064329	0.928571428571429	"minor"	"descending"	"-1"	"cccb"
"Berkowitz105"	0.859215617793198	0.622578854803367	0.0246647330519266	224.770596683416	0.142530568846358	249.694304137236	14	0.659150426854758	4.00881381898612	11	3.02941176470588	2.75774714947971	7	0.672608614575779	0.5	2	2	0.209586808585321	0.764705882352941	0.117647058823529	0.0588235294117647	35	17	2.05882352941176	0.926286872014162	1.39096462467769	0.208914578339014	5	7.41565090927074	0.636363636363636	4.01906876688043	0.0847483770674037	1.58461538461538	"minor"	"concave"	"1"	"abdc"
"Berkowitz106"	0.902446691056538	0.67031746031746	0.0215407674540801	193.386558327035	0.175424575424575	196.831955840685	12	0.549012516937009	3.01654887239824	4	2.33333333333333	1.31656117720877	7	0.587740521467225	0.75	2	2	0.362290787001435	0.333333333333333	0.238095238095238	0.19047619047619	22	11	2	0.837378663693362	1.21308562811679	0.192319178915292	1.72727272727273	2.55099190876194	0.333333333333333	3.34231031643774	0.503911511526563	0.816666666666667	"major"	"convex"	"1"	"dccc"
"Berkowitz107"	0.778394049712375	0.533531746031746	0.0323126887321261	249.126039304611	0.148534798534799	217.469903534473	13	0.623315260746434	3.59486813709167	6	2.69230769230769	1.46339962468851	3	0.617812640330576	1.25	2	2	0.300957235165121	0.807692307692308	0.115384615384615	0	27	10.5	2.57142857142857	0.949330121051571	1.35788167937725	0.225827521160124	5.71428571428571	6.22605302448801	1	3.79192830075876	-0.216843058034623	1.11111111111111	"major"	"convex"	"1"	"ebea"
"Berkowitz109"	0.854009513186516	0.566920542746925	0.0241773869883414	214.542780168166	0.187750626566416	236.294954680446	14	0.647309641245646	3.8363585675512	6	2.70588235294118	1.31493545790926	5	0.675418760194029	0.75	2	2	0.239278230385028	0.735294117647059	0.235294117647059	0	35	15	2.33333333333333	0.924898516738938	1.11539439028008	0.197977110902931	0.8	2.48817544330271	0	3.68904317513669	-0.399352219221289	1.55932203389831	"major"	"descending"	"-1"	"cccc"
"Berkowitz11"	0.876668809815636	0.676738906088751	0.0364592854685734	337.669658271217	0.0974025974025974	191.957956078708	12	0.626939363376236	3.29140294302192	2	1.5	0.688247201611685	5	0.485339178630817	0.75	1	1	0.263034362888176	0.4	0.45	0	21	7	3	0.950062526702951	1.27523231707138	0.210585158315766	2	2.04419763265509	0.5	3.41739248968734	-0.337275845135969	0.476190476190476	"major"	"convex"	"-1"	"dcbb"
"Berkowitz110"	0.854009513186516	0.566920542746925	0.0241773869883414	214.542780168166	0.187750626566416	236.294954680446	14	0.647309641245646	3.84314297147005	6	2.64705882352941	1.45398830684257	5	0.7044458169437	0.75	2	2	0.239278230385028	0.735294117647059	0.235294117647059	0	35	15	2.33333333333333	0.935985766878274	1.40028488551257	0.22445556781221	0.8	2.48817544330271	0	3.73198119178262	-0.412180924390363	1.52542372881356	"minor"	"descending"	"-1"	"cccc"
"Berkowitz111"	0.891386029397699	0.629129446404988	0.0205130665060205	197.706222901169	0.114190476190476	262.238042100071	13	0.594273083561859	3.29572277624896	12	3.1219512195122	2.3151147050548	5	0.750079608086678	0.625	2	2	0.313533238585912	0.51219512195122	0.219512195121951	0.121951219512195	42	11.25	3.73333333333333	0.898826461343575	1.25003635475618	0.194224476866701	4.92035398230088	8.63084644717529	0.75	3.32325520495082	0.022014187956562	2.41509433962264	"minor"	"convex"	"-1"	"ddcb"
"Berkowitz112"	0.891386029397699	0.629129446404988	0.0205130665060205	197.706222901169	0.114190476190476	262.238042100071	14	0.594273083561859	3.41139717154437	12	3.26829268292683	2.29155395140396	5	0.750764702038314	0.625	2	2	0.313533238585912	0.51219512195122	0.219512195121951	0.121951219512195	42	11.25	3.73333333333333	0.984656932788226	1.46695621234879	0.208072025778442	5.46312684365782	8.88179889800257	0.75	3.46556384651671	0.0112472405946703	2.52830188679245	"major"	"convex"	"-1"	"ddcb"
"Berkowitz113"	0.964906591909822	0.876604554865424	0.00648597779032562	58.2196331588716	0.06	200.564383559549	12	0.65374707229428	4.00541300409001	11	4.33333333333333	3.03123832733447	11	0.778602181884167	0.625	2	2	0.472171681097224	0.208333333333333	0.458333333333333	0.166666666666667	25	8.25	3.03030303030303	0.928662641192408	1.35444972190259	0.233721246232017	8.25192743764172	10.6369959029684	0.555555555555556	4.2001086987899	0.00503192685918812	1.55223880597015	"minor"	"convex"	"1"	"ecea"
"Berkowitz114"	0.964906591909822	0.876604554865424	0.00648597779032562	58.2196331588716	0.06	200.564383559549	12	0.601402042217753	3.91578004149024	11	4.08333333333333	3.04911486324726	10	0.778602181884167	0.625	2	2	0.472171681097224	0.208333333333333	0.458333333333333	0.166666666666667	25	8.25	3.03030303030303	0.919929084198273	1.38765024324115	0.239038549402884	7.80430839002268	9.94387675816554	0.555555555555556	4.13957537489777	-0.0257098851426762	1.46268656716418	"major"	"convex"	"1"	"ecea"
"Berkowitz115"	0.84248874275606	0.511385360865165	0.028638202862792	277.112210594611	0.130836175318934	295.974189256144	14	0.615813426483137	3.4608530203473	9	2.21153846153846	1.612895805948	8	0.679297155422157	0.5	2	2	0.293615763999727	0.673076923076923	0.134615384615385	0.0961538461538462	53	23	2.30434782608696	0.825888142752138	1.19013691300981	0.181590606904998	3.80877192982456	5.30981793223198	0.692307692307692	3.47856629554107	-0.0292685734712958	2.01754385964912	"major"	"convex"	"1"	"dceb"
"Berkowitz12"	0.869189828597093	0.654447884416925	0.0320819204874932	286.408743281137	0.153679653679654	196.157090277843	10	0.576250009496246	2.88922464471336	1	1.8	0.410391340834062	4	0.38065756844155	0.75	1	1	0.263034362888176	0.5	0.4	0	21	7	3	0.912637056251482	1.13831989503549	0.179850966412469	0	0	0	3.11104024862608	-0.564501368179524	0.571428571428571	"major"	"convex"	"0"	"cccc"
"Berkowitz13"	0.826570556071819	0.646247086247086	0.0365767565767566	279.343841861324	0.0844444444444444	157.725035599517	12	0.641189326413031	3.69518764945786	1	1.75	0.447213595499958	4	0.400409708555853	0.75	2	2	0.300826994130076	0.6875	0.1875	0	17	7	2.42857142857143	0.88841291891821	1.23813316579186	0.180012244092518	0	0	0	3.97799004044816	-0.00300032121229559	0.444444444444444	"major"	"concave"	"0"	"cccc"
"Berkowitz14"	0.792162279695771	0.474119433198381	0.0417686699265647	345.288747280749	0.211919191919192	150.549828895822	10	0.563690204915232	2.66583320308429	2	1.58333333333333	0.653862548158294	5	0.465427148486037	1.25	2	1	0.330275973082756	0.583333333333333	0.291666666666667	0.0416666666666667	25	10.5	2.38095238095238	0.861189047405062	1.12429890884241	0.18025575345021	0.380952380952381	0.405998971470575	1	3.18116577188344	-0.344367154676757	0.612903225806452	"major"	"convex"	"0"	"cccc"
"Berkowitz15"	0.786875311935584	0.429753694581281	0.0387754274123442	345.011418037951	0.175714285714286	246.915654364863	9	0.544110992867494	2.6234663629587	2	1.5625	0.715609372628355	5	0.458590003509061	0.75	2	2	0.29434233155651	0.53125	0.46875	0	33	15	2.2	0.818745320091857	1.43796169007168	0.175381634361027	1.06666666666667	1.88245163578612	1	2.64256218860312	-0.307124979213339	0.793650793650794	"major"	"convex"	"1"	"dccc"
"Berkowitz16"	0.871069916772827	0.641990950226244	0.034203835380306	306.253079721272	0.182077922077922	179.948732977169	9	0.518868362942091	2.2967049878401	2	1.33333333333333	0.840168050416806	5	0.48928218593245	1	2	1	0.199190934281676	0.611111111111111	0.333333333333333	0	19	10.5	1.80952380952381	0.682102517283022	1.15226801794818	0.17058193391886	1.33333333333333	1.5049774964953	0.75	2.48944214884923	0.0519994685030787	0.358208955223881	"major"	"convex"	"1"	"ddcc"
"Berkowitz17"	0.684306117870219	0.301428571428571	0.0467344988061101	326.301335348954	0.0222222222222222	230.229208648266	6	0.452167279877326	1.89766688360724	2	0.846153846153846	0.880559262846411	3	0.45643156177986	0.25	1	1	0.15077328752352	0.730769230769231	0.269230769230769	0	27	7.5	3.6	0.568344418364675	1.27947015763064	0.16677670706867	0	0	0	1.95180014589707	0.110069907855801	0.349206349206349	"major"	"convex"	"0"	"cccc"
"Berkowitz18"	0.66766250335607	0.173990707995285	0.0596874098018263	496.943179152724	0.418492063492063	195.027097189447	14	0.618632429126948	3.12877728702891	2	1.6	0.621455466265865	5	0.462527513938894	1.75	2	2	0.289456222680084	0.6	0.366666666666667	0	31	14	2.21428571428571	0.772203508132875	1.29328031086338	0.183910166504169	0.571428571428571	0.576459525122229	0.5	2.91100641245143	-0.124026263717791	0.761904761904762	"major"	"convex"	"1"	"cccc"
"Berkowitz19"	0.82616475381515	0.607257525083612	0.0221339392872574	168.678761982528	0.0711538461538462	225.340848382496	12	0.630711726663844	3.33403112564925	2	1.57142857142857	0.634126487474228	5	0.470135895199625	0.75	1	1	0.292615339530889	0.607142857142857	0.25	0	29	11	2.63636363636364	0.841137466726099	1.14413814636574	0.18229208570752	0.936259143155695	1.89077313525449	0.5	3.09035163436844	0.137008418737948	0.733333333333333	"major"	"convex"	"1"	"ccce"
"Berkowitz2"	0.824433530409142	0.669047619047619	0.0137895437895438	24.3055555555556	0.04	161.238253393005	7	0.493086815419376	2.14887111265974	2	1.64705882352941	0.606339062590832	5	0.448206376087042	1.5	4	2	0.303633284556977	0.705882352941177	0.176470588235294	0	18	14	1.28571428571429	0.704276032402951	1.25144547565245	0.190662617219295	1	1.43399962205962	1	2.1957751641342	-0.0465904371876408	0.444444444444444	"major"	"convex"	"1"	"cccb"
"Berkowitz20"	0.978977103540517	0.927272727272727	0.00727272727272727	66.1157024793389	0.0444444444444444	89.4260484502867	12	0.444531374318847	3.35314624548196	5	3.83333333333333	1.40345893053447	6	0.645132279032216	0.5	2	1	0.169979544471629	0.583333333333333	0.416666666666667	0	13	7	1.85714285714286	0.88486623097215	1.29563079696283	0.237711109792436	2	4.11782973653968	0.333333333333333	3.41739248968734	-0.421095877654967	0.73015873015873	"major"	"convex"	"0"	"cccb"
"Berkowitz21"	0.927602305213856	0.817857142857143	0.0210622710622711	189.253826530612	0.0555555555555556	155.571586726338	7	0.342759983658479	2.83362166929636	4	4.11764705882353	1.45268514057488	3	0.545862045476351	1	2	1	0.229650899085221	0.529411764705882	0.411764705882353	0	18	10.5	1.71428571428571	0.868614188828573	1.24593681116656	0.241960236148787	4	5.87803385931742	0.666666666666667	2.92372506396562	-0.0837777809299107	1.06060606060606	"major"	"convex"	"0"	"dccb"
"Berkowitz22"	0.877227469306485	0.645100987763526	0.0247626418988648	215.480192620202	0.163296703296703	203.771618258328	12	0.520422117358355	3.4343072668534	6	3.27272727272727	1.51757382127866	5	0.680708218751386	0.75	1	1	0.210787248226178	0.681818181818182	0.181818181818182	0	23	7	3.28571428571429	0.831110686339012	1.07789474999288	0.233928138180253	4.85714285714286	6.40425583136895	1	3.21146260502782	-0.0775145785940938	1.14285714285714	"major"	"convex"	"0"	"dbca"
"Berkowitz23"	0.846270801597708	0.637301587301587	0.0307360045467462	270.471151423532	0.103443223443223	210.762786181844	9	0.526380019863976	2.55258095183473	5	2.30769230769231	1.15824801382884	3	0.644887517946319	0.5	2	1	0.15077328752352	0.807692307692308	0.192307692307692	0	27	15	1.8	0.797914538476272	1.18116056698497	0.200366627561091	2.53333333333333	3.67134133574902	0.833333333333333	2.51897560433564	0.0731026630174783	0.952380952380952	"major"	"convex"	"-1"	"eecc"
"Berkowitz24"	0.971916487200787	0.923076923076923	0.0102564102564103	94.6745562130178	0.02	118.308345381711	9	0.521247032028809	2.94876891180677	6	2.85714285714286	1.61040572322834	3	0.608687227661812	0.75	2	2	0.317683026175646	0.428571428571429	0.5	0	15	7	2.14285714285714	0.938306940216223	1.50471559484056	0.221548665756507	2	3.76867331440716	0.5	3.12170461167287	-0.268177964478118	0.634920634920635	"major"	"convex"	"0"	"eccc"
"Berkowitz25"	0.861520359332369	0.663803827751196	0.028594592541961	254.02368134887	0.0511484593837535	210.127355854864	9	0.546238553352161	2.60646327302933	6	2.07407407407407	1.17427312790397	5	0.50610344260986	0.75	1	1	0.30071859764814	0.518518518518518	0.333333333333333	0	28	11	2.54545454545455	0.811594001187779	1.09260251026479	0.179231397580704	1.27272727272727	2.99847055814684	0.5	2.64703223648994	-0.24124856123946	0.949152542372881	"major"	"convex"	"0"	"eccc"
"Berkowitz26"	0.862896134367074	0.721505016722408	0.0212654622265606	174.466784487869	0.0347222222222222	210.981874023522	9	0.451407031297018	2.19717687201021	5	1.71428571428571	1.65231919741881	5	0.57023171208587	0.25	1	1	0.104653423782781	0.892857142857143	0.107142857142857	0	29	7.5	3.86666666666667	0.733702939446458	1.35833185535146	0.21859750705271	2.38545454545455	2.98143462505853	0.666666666666667	2.16735337103128	-0.00708021079281353	0.761904761904762	"major"	"horizontal"	"-1"	"ccbd"
"Berkowitz27"	0.750871257712283	0.589582361372643	0.0140369235018582	28.570598785705	0.0353846153846154	210.832606624255	14	0.655117690931225	4.20590717591506	6	2.57142857142857	1.37244230610903	3	0.5668518305446	0.75	2	2	0.261975191810309	0.642857142857143	0.321428571428571	0	29	15	1.93333333333333	0.95070603361625	1.44421210904554	0.225322538507545	0.933333333333333	2.63895324329404	0.5	4.45390857419655	-0.0761807391887805	1.14285714285714	"major"	"convex"	"-1"	"cccc"
"Berkowitz28"	0.832047247499253	0.645580467004616	0.0229987676582104	160.03160159746	0.0542735042735043	198.502997989708	12	0.597628281495781	3.19027672979135	4	2.18181818181818	1.05272271193563	2	0.56379037898033	1	2	1	0.210787248226178	0.636363636363636	0.227272727272727	0.0454545454545455	23	13.5	1.7037037037037	0.898503034940597	1.55029563358673	0.193429547643491	2.22222222222222	2.75188118121706	0.75	3.20381128964566	0.144190980145932	0.813559322033898	"major"	"convex"	"0"	"ccdb"
"Berkowitz29"	0.810625642498747	0.639404761904762	0.0234820734820735	103.545918367347	0.0285714285714286	159.595396250148	17	0.63375972741291	4.78320864768831	12	3.64705882352941	3.10123315131635	4	0.700609105497413	1	2	1	0.141772680048335	0.705882352941177	0	0.117647058823529	18	10.5	1.71428571428571	0.837871866560624	1.10276693015737	0.213095227461284	5.33333333333333	6.68050304087356	0.833333333333333	4.9482401911101	0.270938722031321	0.911764705882353	"major"	"convex"	"1"	"eedb"
"Berkowitz3"	0.822577244467496	0.627579365079365	0.0318792645263234	249.728363567649	0.117777777777778	186.012413272887	7	0.476205224772415	2	2	1.36842105263158	0.760885910252682	5	0.502941798148155	1	2	1	0.102289951884124	0.842105263157895	0	0.0526315789473684	20	10.5	1.9047619047619	0.649831237415261	1.05604395516589	0.196880105540153	1.33333333333333	1.84321347039237	0.333333333333333	2.09307247388913	-0.172158943351406	0.376811594202899	"major"	"convex"	"-1"	"dccb"
"Berkowitz30"	0.740281297013448	0.300952380952381	0.0717638188576404	671.224489795918	0.163717948717949	243.333822286201	13	0.636392946931295	3.91839643797833	7	1.93548387096774	1.36468516200545	8	0.567216337531709	0.75	2	2	0.28327275097476	0.516129032258065	0.483870967741935	0	32	15	2.13333333333333	0.858943094849338	1.2924963171655	0.18333368854222	2.4	3.30021405937881	0.818181818181818	3.76672856038487	0.00441340410483482	0.952380952380952	"major"	"convex"	"1"	"ddcb"
"Berkowitz31"	0.675273708922403	0.241142648201472	0.0400868493687966	326.136069495455	0.356410256410256	277.636244905957	15	0.691204224291128	4.57465340430934	4	2.27027027027027	1.12172111429636	2	0.531602940706855	0.75	1	1	0.332163483975685	0.513513513513513	0.135135135135135	0.108108108108108	38	15	2.53333333333333	0.87320209035295	1.10730766671581	0.190641091354126	1.6	2.4485762653161	0.333333333333333	4.51705322541918	-0.137586470100469	1.33333333333333	"major"	"convex"	"1"	"ccdb"
"Berkowitz32"	0.925295158567087	0.777454545454546	0.0179307359307359	168.793388429752	0.104306220095694	207.723074206	12	0.597370447761545	3.10891362301109	7	2.37037037037037	1.41823693767861	2	0.603039254534823	1.25	2	2	0.430360437556984	0.259259259259259	0.148148148148148	0.296296296296296	28	15	1.86666666666667	0.792387373866397	1.01206961056457	0.152391880102072	2.93333333333333	3.46038624009644	0.714285714285714	3.26230120114378	-0.0124128915739963	1.01587301587302	"major"	"convex"	"1"	"dcbb"
"Berkowitz33"	0.906801077521386	0.745575447570332	0.0238587721337755	220.587712011303	0.03	193.694515385726	10	0.558563244316066	2.56124969497314	7	2.24	1.45143607047182	2	0.632838284755309	0.75	2	2	0.368167710014446	0.44	0.32	0.12	26	15	1.73333333333333	0.804307958194741	1.14853064037337	0.190448556120985	2.53333333333333	3.24261335762138	0.8	2.64532944208143	-0.423949858935438	0.888888888888889	"major"	"convex"	"-1"	"dcbb"
"Berkowitz34"	0.887811705611966	0.706150793650794	0.0288317891259068	259.0269904258	0.105860805860806	182.614366874841	12	0.629052848158637	3.42552339450715	8	2.31578947368421	1.85749627123739	2	0.525911219965632	1.25	2	2	0.424808473747126	0.263157894736842	0.368421052631579	0.157894736842105	20	12	1.66666666666667	0.94709663609441	1.24726521776	0.20475187354424	2.83333333333333	3.22802851090676	0.666666666666667	3.95161999013671	0.591803002457884	0.733333333333333	"major"	"convex"	"-1"	"bbcb"
"Berkowitz35"	0.897139647847944	0.695555555555556	0.023049161693663	212.820609725372	0.0828151260504202	205.576080730432	10	0.578807646808719	2.76938904264382	7	1.76923076923077	1.45072925958477	7	0.632050671681964	1.75	2	2	0.438730534581554	0.307692307692308	0.192307692307692	0.192307692307692	27	14	1.92857142857143	0.852131756153179	1.29794189363976	0.174197167442091	2.40951853901494	2.97195616274415	0.714285714285714	2.86172747252147	0.00953290167985028	0.73015873015873	"major"	"convex"	"1"	"ecbc"
"Berkowitz36"	0.853117190882533	0.711191553544495	0.020477267830209	132.365294185896	0.05	169.693321721758	8	0.536199331803995	2.44948974278318	2	1.44444444444444	0.704792186494566	5	0.495302822379215	1	2	1	0.237076683215825	0.666666666666667	0.166666666666667	0.0555555555555556	19	12	1.58333333333333	0.757590856481177	1.44686631422917	0.172217090589919	1.16666666666667	1.22035337981066	0.5	2.87931821919081	-0.32039582225215	0.448275862068966	"minor"	"convex"	"0"	"cccc"
"Berkowitz37"	0.825614879002769	0.497985645933014	0.025583529530898	211.336550298103	0.255686274509804	180.774213710302	8	0.536544327596785	2.26853180694911	1	1.53333333333333	0.507416263404925	4	0.441420201907028	0.75	1	1	0.270644122902618	0.533333333333333	0.433333333333333	0	31	11	2.81818181818182	0.775987286261322	1.40992404636452	0.19072929200041	0	0	0	2.54972408236163	-0.0725356739600111	0.766666666666667	"minor"	"convex"	"0"	"cccc"
"Berkowitz38"	0.855659113247756	0.626666666666667	0.037203302373581	337.361111111111	0.14978354978355	204.267853276583	9	0.572454048765027	2.83950181594775	2	1.52380952380952	0.601585207518238	5	0.476016743621084	0.75	1	1	0.276541333832348	0.523809523809524	0.380952380952381	0.0476190476190476	22	7	3.14285714285714	0.791688311960303	1.20602342194214	0.176331083621095	1.99794871794872	2.01731943893412	1	3.0131984799155	-0.573777639178087	0.507936507936508	"minor"	"convex"	"1"	"ddbb"
"Berkowitz39"	0.880697870090913	0.733232323232323	0.0213573148557669	178.461381491685	0.0704948646125117	202.126924496109	13	0.636727595511508	3.60756049895538	7	2.26086956521739	1.62976270733301	8	0.669704996518176	1.5	2	1	0.171263220204753	0.695652173913043	0.260869565217391	0	24	14	1.71428571428571	0.926741483493683	1.27745908527698	0.205825831396305	2	2.44973448372826	0.75	3.81870575734792	-0.391877863352664	0.866666666666667	"minor"	"convex"	"-1"	"dcbc"
"Berkowitz4"	0.750801718670847	0.264920634920635	0.0664108767049943	589.035415091963	0.452380952380952	219.250508510982	9	0.528514610960148	2.38415824271708	2	1.68421052631579	0.582392725357819	5	0.435237519854914	1.5	2	1	0.28254578833187	0.526315789473684	0.368421052631579	0	20	14	1.42857142857143	0.700534727059211	1.06299895865848	0.157404973403986	0.285714285714286	0.317363237411695	1	2.4356805378661	-0.221207659447815	0.507936507936508	"minor"	"convex"	"1"	"cccc"
"Berkowitz40"	0.874676251636752	0.667165071770335	0.0385797827903091	366.201838327877	0.0687179487179487	193.255681847992	10	0.616906478497844	2.62233992202892	5	1.75	1.03209369308428	2	0.589718605679184	1.25	2	2	0.292199081715258	0.541666666666667	0.416666666666667	0	25	10.5	2.38095238095238	0.78310922623449	1.12507730531203	0.20825848620697	2.85714285714286	3.54308041165012	1	2.62074385781945	0.164981318337751	0.646153846153846	"major"	"concave"	"0"	"bccd"
"Berkowitz41"	0.91400025605428	0.764761904761905	0.0324830724830725	299.637188208617	0.0872222222222222	139.677223888326	12	0.673080447621467	3.590109871423	4	2.11764705882353	1.0537049480984	7	0.54963957428681	0.75	2	2	0.303633284556977	0.470588235294118	0.411764705882353	0	18	7	2.57142857142857	0.911411587801161	1.37862930672384	0.195872968259863	1.71428571428571	4.22944426110145	0	3.83475646460856	-0.341917992904865	0.571428571428571	"minor"	"descending"	"-1"	"ccca"
"Berkowitz42"	0.703369895885523	0.39949494949495	0.0299801808248436	187.840080093868	0.114632034632035	234.512490704634	9	0.582510701078038	3.10235642449661	2	1.6	0.577350269189626	1	0.475870390012591	0.75	1	1	0.0853319004392551	0.88	0	0	26	7	3.71428571428571	0.79548692141919	1.03486033502065	0.18381172470682	0.285714285714286	0.558705303804647	1	3.17089316944982	0.0854966144865094	0.634920634920635	"minor"	"convex"	"-1"	"cccd"
"Berkowitz43"	0.620166054535135	0.250851331524233	0.0333957017648575	274.324011211614	0.183571428571429	320.895014230752	11	0.597920180472261	2.72486655097662	2	1.55172413793103	0.567308628931175	2	0.473935136107763	1	2	1	0.0734311470358807	0.913793103448276	0.0689655172413793	0	59	33	1.78787878787879	0.769210112290043	1.24615236149507	0.188850711012151	0.606060606060606	0.913702955107533	0.5	2.77007636946672	-0.201071556275412	1.45161290322581	"minor"	"convex"	"1"	"cccc"
"Berkowitz44"	0.772673863333495	0.361261438820956	0.0482756070079281	460.223477883033	0.176124871001032	278.933225492859	13	0.628839377584527	3.61835524991504	7	1.90697674418605	1.21133443709568	8	0.563872601949784	0.75	2	2	0.288372990031806	0.581395348837209	0.395348837209302	0	44	19	2.31578947368421	0.825135460927049	1.27265080295609	0.177493513781098	2.84210526315789	3.70624658330551	0.8125	3.58407785003168	-0.111521282684635	1.09333333333333	"major"	"convex"	"-1"	"dcdc"
"Berkowitz45"	0.775895637688056	0.444643401407278	0.026266919368005	225.597395362679	0.176390977443609	276.470377575605	19	0.603617585535584	3.43886578283312	11	2.72340425531915	2.14376880303149	9	0.635009938690934	0.75	1	1	0.256334394693195	0.765957446808511	0.234042553191489	0	48	17	2.82352941176471	0.896071587469425	1.41088634116831	0.233008185193938	3.19000657462196	4.42374319912992	0.5	4.05208653915656	-0.127053700703831	1.80281690140845	"major"	"horiz-desc"	"-1"	"cdba"
"Berkowitz46"	0.920485958124819	0.755376676986584	0.0203516143299425	186.72409184194	0.117142857142857	184.685228805981	14	0.60513033139418	3.57637752348325	8	2.8	2.28496228230992	3	0.565676312892996	1.25	2	2	0.443778785305081	0.25	0.15	0.2	21	10.5	2	0.861483809883892	1.22136797054677	0.195567580583713	2.0952380952381	4.26110916101093	0.5	3.42724842198982	0.0915388899832655	0.888888888888889	"major"	"convex"	"-1"	"cccb"
"Berkowitz47"	0.846443869866812	0.552943722943723	0.0298081381982311	261.133216831269	0.220494505494505	218.863762821182	12	0.536350715330922	3.07867842906095	12	2.95652173913043	3.29570327533463	6	0.557870541084993	1.75	2	2	0.308308283814725	0.608695652173913	0.347826086956522	0	24	14	1.71428571428571	0.856008852079295	1.19769868066313	0.182978468376558	3.42857142857143	5.02034231207949	0.8	3.47921122013104	-0.142731076965013	1.07936507936508	"major"	"convex"	"1"	"dcdc"
"Berkowitz48"	0.738969282159321	0.146878306878307	0.0461161540180854	416.218051006411	0.583682983682984	289.329848602883	9	0.544110992867494	2.58528762833309	7	2	1.4368424162142	6	0.474577831022138	1.25	2	2	0.398169927661899	0.28125	0.3125	0.1875	33	19.5	1.69230769230769	0.871757696111524	1.2787658994438	0.195235199388922	1.84615384615385	2.7101533667816	0.833333333333333	2.71106444378653	-0.0281943882716491	0.876712328767123	"major"	"convex"	"-1"	"dcbc"
"Berkowitz49"	0.888481584071919	0.71843137254902	0.040406162464986	379.546328335256	0.103030303030303	176.147867176303	14	0.679576788615641	4.19342286463426	1	1.77777777777778	0.427792631946499	4	0.390003391939037	0.75	1	1	0.296620199620952	0.5	0.388888888888889	0	19	7	2.71428571428571	0.902959201525467	1.25317193571954	0.21348557047821	0	0	0	4.48454134902457	-0.120904507189046	0.507936507936508	"major"	"convex"	"0"	"cccc"
"Berkowitz5"	0.814829154161521	0.570595238095238	0.0364891678668768	303.162792894936	0.0887179487179487	203.524929533659	9	0.540538640035182	2.51058365784339	2	1.71428571428571	0.560611910581388	5	0.423588085053772	1.5	2	1	0.238997648253084	0.571428571428571	0.333333333333333	0	22	14	1.57142857142857	0.815512508536736	1.29553887441701	0.193486787765829	0.571428571428571	0.579423346844175	1	2.7189809015249	-0.110367172039536	0.571428571428571	"major"	"convex"	"-1"	"cccc"
"Berkowitz50"	0.935350939804084	0.799206349206349	0.0199102204984558	187.460632401109	0.0803196803196803	173.458522718997	12	0.572135469357254	3.36350381220787	11	3.15789473684211	2.91095932821575	7	0.678855981957024	1.25	2	2	0.450137841176724	0.315789473684211	0.368421052631579	0.105263157894737	20	10.5	1.9047619047619	0.941388159381671	1.45327089174553	0.230652519326656	3.61904761904762	5.07949623991219	0.6	3.48252899378086	-0.24634771973606	0.967741935483871	"major"	"convex"	"1"	"decb"
"Berkowitz51"	0.820321179408658	0.507011888367387	0.0330704888058502	290.023024017311	0.212014652014652	229.605500397148	12	0.554946553015224	3.32218991221271	6	3.14285714285714	2.1380899352994	6	0.636088792913252	0.25	1	1	0.104653423782781	0.821428571428571	0.178571428571429	0	29	7.5	3.86666666666667	0.918673817382656	1.48264786185055	0.215838745839621	0	0	0	3.18587532513461	0.253142910094096	1.3968253968254	"major"	"convex"	"0"	"cccc"
"Berkowitz52"	0.940707008928282	0.815555555555556	0.0162985896112831	154.691358024691	0.0431818181818182	187.244043752773	16	0.589588978357449	3.62259415416592	12	3.39130434782609	3.21557474623381	9	0.695781441398216	1.25	2	2	0.376739060868329	0.521739130434783	0.304347826086957	0.0434782608695652	24	10.5	2.28571428571429	0.751296450935679	1.15955507828589	0.210185011922268	5.16402116402116	7.95670405508779	0.875	3.51640147950705	0.0700652695130794	1.23809523809524	"major"	"convex"	"1"	"dcab"
"Berkowitz53"	0.913129450479477	0.732380952380952	0.0168451321540566	154.416099773243	0.129824561403509	213.252175862449	13	0.60037702726515	3.23289543648195	5	2.12903225806452	1.31001108096766	3	0.670000362897354	0.75	1	1	0.293296517436781	0.580645161290323	0.258064516129032	0.0645161290322581	32	11.5	2.78260869565217	0.880166213664423	1.19310166618783	0.178987070286514	1.67719298245614	2.88696700389912	0.5	3.4141612696446	-0.397678170141379	1.11864406779661	"major"	"descending"	"-1"	"accc"
"Berkowitz54"	0.695720772135968	0.232974813205228	0.0374129779595581	336.330035719391	0.206729323308271	317.373249664617	16	0.650457375257173	3.7448310520857	9	1.39622641509434	1.54844366830189	6	0.553929809144148	0.75	1	1	0.145123516497103	0.849056603773585	0.0754716981132075	0.0377358490566038	54	15	3.6	0.856426659473675	1.01032022057349	0.181422994846328	1.36740740740741	2.7878404151826	0.333333333333333	4.29920166084762	-0.455685926287978	1.17460317460317	"major"	"descending"	"-1"	"cccc"
"Berkowitz55"	0.731654097217982	0.289444444444444	0.0318504077319682	266.512306311413	0.38180349062702	283.722071356175	12	0.599291907335551	2.98328677803526	2	1.79487179487179	0.469012803073321	5	0.422940576832481	0.75	1	1	0.313343125857784	0.666666666666667	0.179487179487179	0.0512820512820513	40	15	2.66666666666667	0.814093556194588	1.06632667071067	0.158579493736415	1.04727272727273	1.90046526936371	1	3.26355536965342	-0.0156734164546503	1.11111111111111	"major"	"concave"	"-1"	"ccce"
"Berkowitz56"	0.874036691217939	0.631803827751196	0.0297980557454242	278.565830109201	0.126862745098039	219.690847918356	12	0.605513383635785	3.11571371561508	3	1.92592592592593	0.675159578055778	1	0.480420574407384	1.25	1	1	0.349390667261352	0.333333333333333	0.407407407407407	0.111111111111111	28	10.5	2.66666666666667	0.926727406379416	1.25287470841392	0.195169004623374	0.993710691823899	2.15579667852918	0.5	3.63640568799517	-0.336142876452905	0.88135593220339	"major"	"convex"	"-1"	"ccca"
"Berkowitz57"	0.884108181160251	0.683636363636364	0.0324018050914603	312.755092615232	0.0948538011695906	227.244432018085	10	0.571289486315385	2.94770220792321	8	2.36363636363636	1.88444590361102	6	0.492071833507345	0.75	2	1	0.386042987224219	0.363636363636364	0.212121212121212	0.181818181818182	34	15	2.26666666666667	0.805122767326012	1.28348632861163	0.207190040504027	2.28289855072464	5.50874273079424	1	2.85478573404408	0.117062004770843	1.23809523809524	"major"	"convex"	"1"	"dccc"
"Berkowitz58"	0.857633181096318	0.665972222222222	0.0166343492360323	139.924748834719	0.0761315496098105	248.70524355482	12	0.542725566750681	2.77303869243536	8	2.61538461538462	2.17177328243153	3	0.624098439086592	0.75	1	1	0.26592163064476	0.717948717948718	0.230769230769231	0	40	15	2.66666666666667	0.541537871123948	1.46264883111644	0.194404504486531	3.2	5.69704974867924	0.714285714285714	2.8254340793314	-0.0421289645415754	1.67213114754098	"minor"	"horizontal"	"1"	"dbcc"
"Berkowitz59"	0.909142689253501	0.750375906984876	0.0192376956027625	186.385948534437	0.0487179487179487	256.981636015502	12	0.605031680447326	3.3840346956342	11	2.75555555555556	1.8848143814512	8	0.685379845331236	1.25	2	2	0.33992324912012	0.533333333333333	0.355555555555556	0.0444444444444444	46	24	1.91666666666667	0.844971262418517	1.08381907614574	0.201985249121738	3.4152380952381	5.16162381445038	0.916666666666667	3.58504317438605	-0.190215535438917	2	"major"	"convex"	"-1"	"dbbc"
"Berkowitz6"	0.818043909563855	0.543392857142857	0.0335985290091365	307.565901360544	0.120050125313283	248.319888742233	9	0.533012565840492	2.40815413734386	2	1.71428571428571	0.518562978841732	5	0.4251609908633	1	2	1	0.227014306618439	0.542857142857143	0.314285714285714	0.0571428571428571	36	22.5	1.6	0.735611924157081	1.25506356935948	0.159018039493083	0.622222222222222	0.687936924098759	1	2.68570895322886	-0.0933357766207047	1.07142857142857	"major"	"convex"	"1"	"cccc"
"Berkowitz60"	0.840813834905464	0.650529100529101	0.0157323457067703	103.110740180846	0.0228758169934641	220.338569275114	8	0.535787318161178	2.66112930828291	8	2	1.55838744494796	2	0.559008468817696	0.75	1	1	0.255189302907061	0.620689655172414	0.379310344827586	0	30	11	2.72727272727273	0.650253546908663	1.31014591483369	0.170025635016985	1.33939393939394	4.77969479636512	0.333333333333333	2.25577582888104	-0.0145663491609735	0.966666666666667	"minor"	"horizontal"	"-1"	"accb"
"Berkowitz61"	0.849581314588032	0.658928571428571	0.0271995221840423	216.364953388763	0.0474358974358974	192.768519277249	12	0.635550906408596	3.57238082543068	11	2.38095238095238	2.37647197492818	1	0.478023470128028	1.25	2	2	0.337087908856579	0.428571428571429	0.142857142857143	0.19047619047619	22	10.5	2.0952380952381	0.942722656509136	1.40917279529748	0.222441632680485	2.28571428571429	2.43599382882345	1	3.81865022648564	-0.363889481179148	0.757575757575758	"major"	"convex"	"0"	"cccb"
"Berkowitz62"	0.842063841609244	0.483069610128434	0.0308234276429003	290.422486952278	0.259444444444444	261.28581755553	12	0.594076479898218	3.19405564528068	8	2.37837837837838	1.63895887263414	3	0.570422505573861	0.75	1	1	0.33343823734324	0.594594594594595	0.216216216216216	0.0540540540540541	38	15	2.53333333333333	0.783922422864993	1.12585498712139	0.169260736298739	3.46666666666667	4.4147404097983	0.875	3.42203411150699	-0.0799694494826098	1.3968253968254	"major"	"convex"	"-1"	"dadb"
"Berkowitz63"	0.875935591793235	0.717647058823529	0.0126160990712074	64.2041522491349	0.110769230769231	123.607534378378	9	0.573311939081841	2.58912288473393	1	1.45454545454545	0.509647191437625	3	0.440809749230242	1.25	2	1	0.368147186584608	0.5	0.227272727272727	0	23	10.5	2.19047619047619	0.886918505580866	1.37390747031136	0.206602917600723	0	0	0	2.82131345733459	-0.0318844201071804	0.524590163934426	"minor"	"convex"	"0"	"cccc"
"Berkowitz64"	0.949668258844884	0.834920634920635	0.013688141923436	130.259511211892	0.0784313725490196	177.677983065156	12	0.469221649873726	3.20749800908136	8	3.47826086956522	2.04204810773603	3	0.781291171760796	0.5	2	1	0.200284262719718	0.521739130434783	0.478260869565217	0	24	15	1.6	0.87566688476966	1.51974396408837	0.228041400964583	2.93333333333333	4.84317827866435	0.555555555555556	3.17964133946253	-0.279378507212996	1.26984126984127	"minor"	"convex"	"1"	"ccdb"
"Berkowitz65"	0.943448656946787	0.824561403508772	0.015672514619883	149.144791804072	0.0568627450980392	192.5897609	12	0.555048396994172	3.25041803331577	11	3.54545454545455	3.34845056886334	6	0.757172905694579	0.75	2	4	0.355969262177021	0.636363636363636	0.272727272727273	0.0454545454545455	23	15	1.53333333333333	0.890111563772297	1.29768007365087	0.22422680307306	3.6	5.22855693344387	1	3.54222684645493	-0.169072652673334	1.23809523809524	"minor"	"convex"	"-1"	"ccbb"
"Berkowitz66"	0.85712138926779	0.516825396825397	0.0391044902809609	360.589569160998	0.280811965811966	201.249375724784	13	0.563645900198646	4.06112713703824	6	2.8695652173913	1.76594934103411	6	0.688928016471002	0.75	1	1	0.212386410950593	0.739130434782609	0.260869565217391	0	24	7	3.42857142857143	0.935294710974823	1.67269914838888	0.241614733544003	6.46892109500805	8.6741012818683	0.714285714285714	3.68703756852924	0.0115610119417616	1.04761904761905	"minor"	"convex"	"1"	"adcb"
"Berkowitz67"	0.901701684156037	0.65532781619	0.0217122561228267	209.341923182092	0.140359231411863	233.640192775684	13	0.632557864952809	3.69487494244881	11	3.35294117647059	3.03397282244651	5	0.740437798269765	0.75	2	2	0.250905305884218	0.647058823529412	0.323529411764706	0	35	15	2.33333333333333	0.877129091411541	1.42743260055141	0.211406834377686	3.98755555555556	5.04442885814466	0.777777777777778	3.78475953818796	-0.06734979907648	1.80952380952381	"minor"	"convex"	"-1"	"dbdd"
"Berkowitz68"	0.842620973905748	0.540209080979872	0.0241926186351806	222.94497409119	0.173737373737374	267.230579841297	17	0.66266858128875	4.36035376883908	10	2.6046511627907	1.91658842345953	3	0.651586763332227	0.375	2	2	0.303898762092808	0.651162790697674	0.302325581395349	0	44	9.5	4.63157894736842	0.977176993765023	1.54266432050007	0.217833706097509	5.05684210526316	7.10362382482131	0.833333333333333	4.34054839396595	0.419975739245106	1.51351351351351	"major"	"convex"	"1"	"edca"
"Berkowitz69"	0.885073285796007	0.751253196930946	0.0159577943929808	120.674478843022	0.025	193.77784871906	10	0.562809881066907	2.6984325934769	5	1.84	1.1060440015358	6	0.537571377831222	0.625	2	2	0.391277432635952	0.52	0.16	0.12	26	7	3.71428571428571	0.811982949229822	1.21106768879544	0.201722774986482	2.01073105298457	4.11221217163605	0.333333333333333	2.7231500994356	0.38816626559455	0.793103448275862	"major"	"horizontal"	"-1"	"bccb"
"Berkowitz7"	0.779767548797375	0.410275019098549	0.0535488269974742	476.512768623058	0.202424242424242	162.045237127749	9	0.549307208142742	2.761270610537	2	1.6	0.707106781186548	5	0.444630737500254	1.75	2	2	0.379097829681154	0.4	0.48	0	26	14	1.85714285714286	0.853911591361046	1.19624570355836	0.183557693322863	1	1.62600273434159	0	2.94661495322	-0.22451312821051	0.634920634920635	"major"	"convex"	"0"	"cccb"
"Berkowitz70"	0.83838795491718	0.62688077906748	0.0150403106413337	128.390437699369	0.0716783216783217	289.064074596999	9	0.571156891932981	2.77116777566703	7	1.57894736842105	1.06816545703792	7	0.559758833183387	0.875	2	2	0.303735072969779	0.666666666666667	0.175438596491228	0.0701754385964912	58	15	3.86666666666667	0.902650216701545	1.55701991318068	0.213871610019959	1.46666666666667	2.09253799116935	0.375	2.79610118167813	-0.111796446575827	1.36363636363636	"minor"	"convex"	"1"	"cccb"
"Berkowitz71"	0.874752331661265	0.644004226663801	0.0168666517956134	157.660197948737	0.0811907020872865	285.690254701661	15	0.645809651043023	3.58777523648583	8	2.36666666666667	1.35254520481699	3	0.623912036021894	0.875	2	1	0.407647093697637	0.433333333333333	0.25	0.116666666666667	61	17	3.58823529411765	0.772578998189142	1.09069039432971	0.150417929149016	3.98153672952435	7.43528779772126	0.583333333333333	3.44509606087942	-0.191247173198278	1.88888888888889	"major"	"convex"	"-1"	"ebab"
"Berkowitz72"	0.84522741354162	0.575238095238095	0.0234849120006541	203.010274068475	0.173552631578947	246.054908630575	17	0.705141542076527	4.41931024372617	12	2.1875	2.40211600267818	2	0.515467144169125	0.375	1	1	0.336570545128071	0.46875	0.34375	0.03125	33	7	4.71428571428571	0.880770225343788	1.34682566913251	0.172418210051047	3.14285714285714	6.9584193409098	0.333333333333333	4.74647638912517	-0.539427722799859	1.2280701754386	"minor"	"descending"	"-1"	"ccbe"
"Berkowitz73"	0.876110909564565	0.683257918552036	0.0274875577431358	261.127104049649	0.0642687747035573	241.85915967235	15	0.669524764002355	3.84811198649382	4	2.10810810810811	1.02153979048471	7	0.596678232833448	0.875	3	2	0.500082530862772	0.297297297297297	0.162162162162162	0.243243243243243	38	14.5	2.62068965517241	0.947469328127324	1.23014210400475	0.188018220016176	1.65743124935627	1.68188923773246	0.5	3.96971709900767	-0.320376804115476	1.21875	"major"	"convex"	"-1"	"cccb"
"Berkowitz74"	0.838051328920474	0.695806938159879	0.0248890325360914	168.973881233663	0.0533333333333333	169.844836873273	12	0.647952957659896	3.85937000585656	2	1.55555555555556	0.704792186494566	5	0.467172408562948	0.5	1	1	0.168865787407311	0.722222222222222	0.111111111111111	0.0555555555555556	19	5.25	3.61904761904762	0.906059360056116	1.10354215513397	0.217056073063815	4.56410256410256	4.85402809407396	0.5	4.16507215867343	-0.162613870277952	0.411764705882353	"major"	"convex"	"1"	"edbb"
"Berkowitz75"	0.838051328920474	0.695806938159879	0.0248890325360914	168.973881233663	0.0533333333333333	169.844836873273	12	0.734158966096178	3.80750259663625	2	1.44444444444444	0.704792186494566	5	0.495302822379215	0.5	1	1	0.168865787407311	0.722222222222222	0.111111111111111	0.0555555555555556	19	5.25	3.61904761904762	0.830503246991838	1.03915521371396	0.191905519210809	4.56410256410256	4.7063599556533	0.5	4.12992324198099	-0.149621408770327	0.382352941176471	"minor"	"convex"	"1"	"edbb"
"Berkowitz76"	0.84033520289058	0.67039627039627	0.0384693084693085	282.601280270278	0.0333333333333333	132.879773953139	12	0.637569321087759	4.08248290463863	4	2.42857142857143	1.34245960914949	1	0.424706352041029	0.5	1	1	0.305254673386299	0.142857142857143	0.642857142857143	0.0714285714285714	15	5.25	2.85714285714286	0.885223380146547	1.16922367249881	0.217227354714841	6.45897435897436	6.76963468331939	1	4.02892188289393	-0.315258658755277	0.53125	"major"	"convex"	"1"	"ebbb"
"Berkowitz77"	0.84033520289058	0.67039627039627	0.0384693084693085	282.601280270278	0.0333333333333333	132.879773953139	12	0.637569321087759	3.97252468600919	4	2.42857142857143	1.34245960914949	1	0.424706352041029	0.5	1	1	0.305254673386299	0.142857142857143	0.642857142857143	0.0714285714285714	15	5.25	2.85714285714286	0.845898087791729	1.31273061650993	0.189477129106303	6.45897435897436	6.76963468331939	1	3.89600386984486	-0.315408644418787	0.53125	"minor"	"convex"	"1"	"ebbb"
"Berkowitz78"	0.691661052315749	0.120676413512113	0.0431760403220849	365.843155546445	0.600606060606061	293.309310063026	12	0.611611922920238	3.27997839295601	12	2.38888888888889	2.10139787186364	3	0.58222512396798	0.5	1	1	0.209284612395218	0.583333333333333	0.277777777777778	0.0555555555555556	37	11.25	3.28888888888889	0.834984452015082	1.01309300316118	0.171530597597167	5.37103174603175	8.5921935543719	0.571428571428571	3.24612656289579	-0.270103225636815	1.56363636363636	"major"	"convex"	"-1"	"ebcb"
"Berkowitz79"	0.754563934045275	0.228697171658632	0.0383301019467348	339.385389620477	0.489527139527139	278.2908840446	12	0.602123558162716	3.13772932952244	12	2.16666666666667	2.15804144008934	4	0.661178987340797	0.5	1	1	0.209284612395218	0.583333333333333	0.277777777777778	0.0555555555555556	37	11.25	3.28888888888889	0.708863861157295	1.07140918319385	0.160947044058893	5.3234126984127	8.70014995709514	0.5	3.11171852965402	-0.292876109953235	1.41818181818182	"minor"	"convex"	"-1"	"ebcb"
"Berkowitz8"	0.69725118550353	0.331049865167512	0.067507525154584	546.476960262944	0.252380952380952	203.788559816996	9	0.550492193897836	2.65016826123654	1	1.77777777777778	0.427792631946499	4	0.390003391939037	1	2	1	0.168865787407311	0.722222222222222	0.111111111111111	0.0555555555555556	19	10.5	1.80952380952381	0.790961357516923	1.23822083201372	0.163267178875344	0	0	0	2.71563626189248	-0.20702934576725	0.470588235294118	"major"	"convex"	"0"	"cccc"
"Berkowitz80"	0.754789590549203	0.372401924872513	0.0507268548445019	442.358814222728	0.293571428571429	221.104282257483	10	0.548009118009635	2.43385400552232	6	1.85714285714286	1.14549959064563	2	0.499020841282602	1.25	1	1	0.218038849611788	0.714285714285714	0	0.142857142857143	29	10.5	2.76190476190476	0.884061477250164	1.30608155712734	0.199492008008539	1.33285067873303	1.36428027362821	1	2.88121128106137	-0.179979525747227	0.928571428571429	"major"	"convex"	"-1"	"cccc"
"Berkowitz81"	0.809995526049564	0.605714022819286	0.0227881475249896	147.281093552922	0.0348484848484849	195.395208987519	12	0.606043903306525	3.1947874212014	4	2.16666666666667	1.00722031037067	1	0.508729489123249	0.5	1	1	0.211768491956466	0.75	0	0.125	25	10.5	2.38095238095238	0.884601309023869	1.32305208930851	0.212345666403608	3.6025641025641	4.04718661854758	1	3.48754397290743	0.252555472897016	0.962962962962963	"major"	"convex"	"1"	"dcdb"
"Berkowitz82"	0.834433039346885	0.60251961296873	0.0167219480247235	137.401794077668	0.0564938684503902	268.709158718299	14	0.557012497525348	2.78796113185376	11	2.54545454545455	2.16155139650814	3	0.513954079619956	0.5	1	1	0.27427124691878	0.522727272727273	0.227272727272727	0.0909090909090909	45	18	2.5	0.763163627429201	1.06736293003847	0.183977025831302	1.81111111111111	4.58225059159485	0.4	3.09765421873422	0.26635578211467	1.57746478873239	"major"	"convex"	"-1"	"cccc"
"Berkowitz83"	0.86986786558751	0.67374808530694	0.0189982999208874	175.268896965894	0.0702262443438914	278.455870394435	12	0.549052199306169	2.678600746805	8	2.2	1.34011878852098	3	0.512306661805389	0.625	2	2	0.432488146779017	0.36	0.34	0.1	51	14.25	3.57894736842105	0.778440421563954	1.41726042263889	0.192453488997441	4.00496833302589	6.31672959616172	0.875	2.64075217267934	-0.265916942259035	1.61764705882353	"major"	"convex"	"-1"	"dbea"
"Berkowitz84"	0.90897500251904	0.772941176470588	0.0303095975232198	287.681660899654	0.0552380952380952	175.859176186454	13	0.648929346220398	3.91662111374289	2	1.54545454545455	0.670981706320262	5	0.475236431301462	0.625	2	2	0.446698717841721	0.318181818181818	0.181818181818182	0.181818181818182	23	6	3.83333333333333	0.81308274948498	1.20001936211427	0.181349501182733	1.34207650273224	1.45361973080899	0.5	3.73193279740828	0.237222833225409	0.566666666666667	"major"	"convex"	"1"	"cdcc"
"Berkowitz85"	0.882067975650854	0.687310924369748	0.0207117340863471	165.771485064614	0.0769230769230769	183.265769593048	13	0.686860527435273	3.82936438858375	2	1.45454545454545	0.670981706320262	5	0.493255155181399	0.625	2	2	0.446698717841721	0.318181818181818	0.318181818181818	0.136363636363636	23	6	3.83333333333333	0.75567781841067	1.55238728082112	0.19601687037671	3.96666666666667	4.52203921579387	0.5	3.56316921621581	0.204984847773001	0.533333333333333	"minor"	"convex"	"1"	"ccbb"
"Berkowitz86"	0.82645223557068	0.544114859738983	0.0203710420532899	171.320833084961	0.0906698564593301	268.792481199201	11	0.610284484929639	3.13113185780533	3	1.76190476190476	0.820752890815286	6	0.528445402188396	0.625	2	2	0.372012447709875	0.380952380952381	0.261904761904762	0.166666666666667	43	12.75	3.37254901960784	0.781789711802914	1.6083124574265	0.188381654054516	0.423913043478261	1.54584034580156	0.5	3.31571848488955	-0.160540281008221	1.23333333333333	"minor"	"convex"	"1"	"cccc"
"Berkowitz87"	0.77430776043977	0.543270893456174	0.018540547626475	114.26282155607	0.0363636363636364	246.654453540895	14	0.656324952935968	3.7623391236718	6	2.31578947368421	1.35776571552849	7	0.591016904388787	0.25	1	1	0.209649829103659	0.684210526315789	0.315789473684211	0	39	15	2.6	0.945442308402106	1.27138805401581	0.211097120058454	2.4	4.00363369628756	1	3.7810443393719	0.0853251456929424	1.66037735849057	"major"	"convex"	"-1"	"eccc"
"Berkowitz88"	0.906830342230111	0.71203302373581	0.0131599258448837	119.327980608353	0.124175824175824	258.61533147736	15	0.658456499430338	3.82219509934646	6	2.48780487804878	1.62975383447182	5	0.712980716484322	1.25	2	2	0.300523795269098	0.609756097560976	0.121951219512195	0.121951219512195	42	22.5	1.86666666666667	0.751821012124433	1.26905629268531	0.182313720032832	1.53777777777778	3.57311424865357	0.142857142857143	3.77576618137435	-0.369740643480676	2	"minor"	"descending"	"-1"	"cccb"
"Berkowitz89"	0.913770442425053	0.735327731092437	0.0156610644257703	140.251714803568	0.145833333333333	197.759044162245	12	0.617660535099091	3.59049099925951	6	2.64285714285714	1.61507449006713	3	0.577310496467274	0.75	2	2	0.299500804975744	0.607142857142857	0.214285714285714	0.0714285714285714	29	14	2.07142857142857	0.919547159002554	1.18920597088068	0.201988709698431	3.42857142857143	4.40296390254319	0.714285714285714	3.87662165921848	-0.492601932084621	1.32142857142857	"major"	"convex"	"1"	"dbcc"
"Berkowitz9"	0.853720880564013	0.639545923632611	0.0266681409405868	216.943280924341	0.185314685314685	195.987260108012	9	0.546600777314757	2.58106659385316	1	1.8	0.410391340834062	4	0.38065756844155	1	2	1	0.210197137720482	0.6	0.35	0	21	12	1.75	0.710581649026144	1.03891030886463	0.181340605656702	0	0	0	2.36697519960775	-0.320194776312146	0.620689655172414	"major"	"concave"	"0"	"cccc"
"Berkowitz90"	0.854938969528626	0.641994998404536	0.0156417410076349	123.886520015534	0.111665527455001	245.76872763969	17	0.675719071928861	3.94564964829602	12	2.52631578947368	2.25096786516694	4	0.712558806598378	1.25	2	2	0.269381624182857	0.631578947368421	0.210526315789474	0.0789473684210526	39	22.5	1.73333333333333	0.823763279709286	1.01185546628528	0.159683078593381	3.91111111111111	5.25174088402362	1	3.78044007237038	-0.332354277699546	1.84615384615385	"major"	"convex"	"1"	"ebbc"
"Berkowitz91"	0.483437436630547	0.252222222222222	0.0457626687038452	88.3950617283951	0.206666666666667	135.63881794909	12	0.640908195158859	3.69426840492391	9	2.4	2.32605380758689	1	0.308487395064814	1.5	2	1	0.178430247323154	0.75	0.1	0.05	21	13.5	1.55555555555556	0.951701523831984	1.35400465588436	0.215700796431511	3.55555555555556	4.02524822183668	1	3.92105683672042	-0.705149426735025	0.857142857142857	"major"	"descending"	"-1"	"bbbb"
"Berkowitz92"	0.88745328093552	0.676942706416391	0.0242203789354425	226.070796491345	0.12776182881446	230.448823222084	17	0.608931365725115	3.61024487987887	12	2.87878787878788	3.00788106228429	4	0.675796197730499	0.625	3.5	4	0.451517934780016	0.333333333333333	0.181818181818182	0.212121212121212	34	15	2.26666666666667	0.876645598894613	1.26918883824584	0.215845858917984	3.30597635027165	4.91331259816188	0.714285714285714	3.79926653836082	0.00494206944127577	1.58333333333333	"major"	"descending"	"-1"	"abbb"
"Berkowitz93"	0.876725016565613	0.695520737327189	0.0202160778289811	180.745388519612	0.0816666666666667	239.910979441066	17	0.702999261813324	4.25072081545947	12	2.39393939393939	2.10563817433388	2	0.516475300465518	0.375	1.5	1	0.324758987253858	0.515151515151515	0.303030303030303	0.0303030303030303	34	7	4.85714285714286	0.741729618073209	1.05033163510526	0.152343809185456	5.72481203007519	8.93376080237138	0.6	4.41385927052643	-0.516879869433857	1.3859649122807	"minor"	"descending"	"-1"	"bbbe"
"Berkowitz94"	0.794908416065569	0.491761276195533	0.0161819449271311	137.157585917758	0.132503746253746	319.819628088091	17	0.645915905619543	3.45469702099176	8	2.23611111111111	1.41911553049387	8	0.554928566182192	0.625	1	1	0.308096418764965	0.611111111111111	0.291666666666667	0.0138888888888889	73	15	4.86666666666667	0.849408857559444	1.15549575503176	0.174922568764181	4.58612975391499	6.92500255294862	0.8	3.69859278747944	-0.148530421304426	2.0379746835443	"major"	"descending"	"-1"	"acbb"
"Berkowitz95"	0.82907644459789	0.516051587301587	0.026677346859675	246.78162005543	0.153607932875667	278.391803900162	14	0.575635167097797	2.89199522192488	5	1.65116279069767	1.15230040995089	8	0.611319776587241	0.625	2	2	0.292375847895888	0.604651162790698	0.302325581395349	0.0465116279069767	44	11.25	3.91111111111111	0.764834871777762	1.08341809092542	0.166516652300542	2.22321891685736	2.75112079411398	0.5	3.32478883227503	0.102433883862898	1.29090909090909	"major"	"descending"	"-1"	"bdca"
"Berkowitz96"	0.807738644264627	0.44264623415181	0.0248779913946029	225.645416892629	0.215041045910611	288.486714652904	11	0.582410127874182	2.72613007685549	6	2.09615384615385	1.4178085186213	7	0.577488211234211	1.25	1	1	0.337462368375482	0.615384615384615	0.230769230769231	0.0384615384615385	53	22.5	2.35555555555556	0.838964679328352	1.5657700489958	0.197041653355918	0.844444444444444	2.53389718035972	0.5	2.78578643485212	-0.361766269661373	1.67692307692308	"minor"	"descending"	"-1"	"ccca"
"Berkowitz97"	0.892630991918442	0.775746606334842	0.00994109609119751	70.6709981823104	0.0266666666666667	232.580503545868	13	0.612942251355546	3.31769684804586	12	3	2.70801280154532	5	0.71392790784604	0.75	2	1	0.323497999544733	0.702702702702703	0.162162162162162	0.0540540540540541	38	15	2.53333333333333	0.745821183548237	1.45098437559004	0.173742497706088	2.82603174603175	5.71426943288047	0.444444444444444	3.46639193050541	0.229952086262284	1.76190476190476	"minor"	"descending"	"-1"	"cccb"
"Berkowitz98"	0.83638418099599	0.626130952380952	0.0212315462178901	175.063421201814	0.0874707602339181	237.272269694614	12	0.631551251961651	3.80590602024283	7	2.85714285714286	1.84936964050643	3	0.563414327925947	0.375	2	2	0.303633284556977	0.628571428571429	0.314285714285714	0	36	7.5	4.8	0.931878844522505	1.19357867263626	0.211095401226878	11.009009009009	12.3676854979452	0.916666666666667	3.91527330838667	-0.111919160421554	1.58730158730159	"major"	"convex"	"-1"	"eaea"
"Berkowitz99"	0.890060195360267	0.695436507936508	0.0171138419525516	155.372102544722	0.0983164983164983	251.8456498474	15	0.718880259844547	4.08805326374052	5	1.76923076923077	1.11122356605914	2	0.595147395960166	0.625	2	2	0.416031736346419	0.307692307692308	0.282051282051282	0.153846153846154	40	11.25	3.55555555555556	0.82560887482607	1.2513097830252	0.195288582563297	2.49535353535354	3.95067277836619	0.6	4.2215112481197	-0.409711661306665	1.18965517241379	"minor"	"horiz-desc"	"-1"	"ccbc"
"Berkowtiz108"	0.778394049712375	0.533531746031746	0.0323126887321261	249.126039304611	0.148534798534799	217.469903534473	13	0.623315260746434	3.54016433697131	6	2.53846153846154	1.52920290951251	3	0.628731643877742	1.25	2	2	0.300957235165121	0.807692307692308	0.115384615384615	0	27	10.5	2.57142857142857	0.953236074637873	1.59887804252162	0.232055146759003	5.52380952380952	6.02725798583724	1	3.72983998975913	-0.194967506978728	1.04761904761905	"minor"	"convex"	"1"	"ebda"
